    -94.7917     39.0417    1      154841
    -94.9583     38.9583    2      154307
    -95.2083     38.9583    3      153040
     -95.375     39.0417    4      152706
     -95.625     39.0417    5      148255
    -95.7083     39.0417    6      148121
     -96.125     39.2083    7      145657
    -96.2917     39.2083    8      144524
    -96.7917     39.0417    9      118809
     -97.125     37.2917   10      120187
    -97.0417     37.0417   11      120872
    -97.2083      37.375   12      115840
    -97.2917     37.5417   13      110324
    -97.2917     37.5417   14      110324
     -97.375     37.7083   15      109712
     -97.375     37.7083   16      109712
    -97.5417      37.875   17      108695
    -97.7917     37.9583   18      106398
    -98.0417      38.125   19      104301
    -98.7917      38.375   20     96596.5
    -99.0417     38.2083   21     92896.7
    -99.2917     38.0417   22     84735.3
    -100.792     37.9583   23     77403.2
    -101.125     37.9583   24     76118.2
    -101.542     37.9583   25     67682.4
    -101.792     37.9583   26       67141
    -102.042     38.0417   27       66329
    -96.7083     39.0417   28      119076
     -97.125      39.375   29     63319.8
    -97.7917     39.7917   30     59878.5
     -97.625      39.625   31     60870.1
    -97.9583     39.9583   32       59022
     -97.125      38.875   33     51954.5
     -97.375      38.875   34     51151.3
     -99.375     36.9583   35     23066.1
    -96.5417     39.2083   36     23254.9
    -100.375     36.9583   37     15275.6
    -97.5417     38.7917   38     25033.5
     -97.625      38.625   39     24228.3
     -97.875     38.5417   40     23355.5
     -98.125     38.7083   41     22483.2
    -98.7083     38.7917   42     21076.8
    -98.7917     38.7917   43       20876
     -97.375      38.875   44     51151.3
     -97.625     39.0417   45     24446.8
    -99.0417     38.7083   46     20005.7
    -99.2083     38.7083   47     19603.7
    -99.2917     38.7083   48       19269
    -98.0417      39.375   49     11458.5
    -98.2083     39.4583   50     10927.4
    -99.9583     38.7917   51     17394.2
     -95.125     37.2917   52     14709.8
     -96.625     39.7917   53     10624.9
    -95.4583      37.875   54     12055.2
    -100.792     38.7917   55     13714.6
    -96.7917     39.7083   56     8923.59
     -95.625     37.0417   57     9047.39
    -94.5417     38.2083   58     7126.16
    -95.7083      38.125   59     10025.3
    -101.792      37.125   60      8851.1
    -95.7083     37.2083   61     7612.65
    -97.7917      39.125   62     10325.5
    -96.0417      38.375   63      7401.1
    -96.9583     39.9583   64     7538.58
    -94.7083     38.2917   65     6383.72
    -98.0417     39.0417   66     9726.14
    -94.7083     36.9583   67     7458.28
     -98.625     39.5417   68        8476
    -99.2917     38.2083   69      7350.9
     -97.375     37.4583   70     4765.13
     -98.625     39.5417   71        8476
     -98.375     39.0417   72     8926.29
    -95.9583     38.2917   73     7670.84
     -96.875      37.125   74      1571.6
    -101.958     39.7083   75     9148.34
     -96.125      38.375   76     6997.58
     -96.375      38.375   77     4917.56
    -100.458     40.0417   78     8132.71
    -98.9583     38.4583   79     2285.33
    -98.7917     38.9583   80     7725.97
    -99.0417     39.4583   81     3517.23
    -98.7083      38.375   82     97000.8
    -98.7083      38.375   83     97000.8
     -99.875      40.125   84     789.354
    -100.958      39.875   85     3967.39
    -99.0417      39.625   86     2974.44
     -97.375     37.7083   87      109712
    -97.4583     37.7917   88      109102
     -96.625      38.375   89     3703.74
     -99.375     38.4583   90     1411.36
    -95.2083      38.625   91     2213.26
    -97.4583     37.7917   92      109102
     -98.375     38.2083   93      102817
    -100.125     36.9583   94     19235.6
    -99.2917     39.4583   95     3052.98
    -95.2917     39.0417   96      152839
    -95.7083     37.4583   97     5223.32
    -99.5417     38.2083   98     6878.74
    -100.625     39.7917   99     2187.53
    -98.4583      38.125  100     3797.18
    -99.4583      39.375  101      2389.6
     -95.375      38.625  102     1877.91
    -99.5417     38.4583  103     1007.91
     -99.375     40.0417  104     394.918
     -98.375     36.9583  105     3961.91
    -97.7917      37.625  106     3199.76
    -99.2083      39.625  107      2115.9
    -101.708     37.7083  108     5115.89
    -95.7917      37.625  109     4815.11
    -97.5417      37.125  110     2599.49
    -97.4583     37.9583  111     1619.51
    -96.0417      38.375  112      7401.1
    -96.7917     38.2917  113     2560.26
    -97.5417     38.0417  114      1213.9
    -99.5417     38.2083  115     6878.74
    -98.2083     38.2083  116      103356
    -97.9583      37.875  117     745.744
     -98.875      37.875  118     1629.73
    -99.7917      39.125  119     4060.58
     -99.875     39.7917  120     1255.93
     -99.375     36.9583  121     23066.1
    -95.7083     37.2083  122     7612.65
    -96.2083      38.375  123     6930.26
    -99.9583     38.7917  124     17394.2
    -97.7917      37.625  125     3199.76
    -100.042     39.7917  126     991.851
    -99.2083     38.7917  127      200.63
    -95.0417     38.5417  128     2817.41
    -100.625     39.7917  129     2187.53
    -96.2083     36.9583  130     1849.31
    -95.5417     39.4583  131     1851.98
    -97.0417     37.7917  132     1016.02
    -95.2083     38.9583  133      153040
    -96.5417      39.625  134     1188.83
    -97.7917     39.2083  135     12387.8
    -95.0417     39.0417  136     599.138
     -99.625     38.2083  137     6406.12
    -96.9583     36.9583  138      123197
     -94.625      37.875  139     2372.33
    -97.7917      39.625  140     595.095
    -95.7083     38.5417  141     268.807
     -96.875     37.7917  142     135.639
    -98.0417      39.875  143      131.88
    -97.0417     39.7917  144      132.04
    -95.2083      38.375  145     673.648
    -99.2917     39.5417  146      66.219
     -99.625     38.9583  147     267.089
    -95.2083      38.375  148     673.648
    -98.2083      37.875  149     271.124
    -95.5417      38.625  150     1071.96
    -96.2083     39.0417  151     200.316
    -94.7083     38.0417  152     1151.12
    -99.9583     38.0417  153     135.332
    -97.0417     39.0417  154     66.6936
    -94.7917     37.7917  155      543.09
    -96.0417     37.9583  156     945.935
    -95.7083      39.125  157     66.6148
     -96.125     39.9583  158     329.099
    -96.4583      38.625  159     937.942
    -97.7083      38.875  160     200.708
     -96.875     38.9583  161     334.488
    -96.2083      39.375  162     794.866
    -100.042     38.0417  163     203.036
    -98.2917      39.875  164     527.439
    -94.7083     37.2917  165     477.593
    -100.042     38.0417  166     203.036
    -96.2083      37.375  167     818.254
     -95.125      39.375  168     132.756
     -98.875     39.0417  169     532.445
    -95.2083     37.2083  170     205.245
    -96.4583      37.125  171     546.816
    -97.0417      38.375  172     1278.43
    -95.0417     37.2917  173     613.386
    -98.2083      37.875  174     271.124
    -96.5417     38.2917  175     540.402
     -95.125     39.4583  176     66.2985
    -95.9583     38.5417  177     603.297
    -96.7917     39.4583  178      463.93
    -97.4583     37.9583  179     1619.51
     -95.625      38.875  180     200.552
     -97.375     37.2083  181     68.3898
     -95.875     39.2083  182     663.856
     -94.875      38.625  183     469.049
    -96.2083     37.7083  184     1628.04
    -96.2917     39.2083  185      144524
     -96.375      38.625  186     268.028
    -96.2083      37.125  187     205.245
    -97.4583      38.625  188     67.0851
    -98.7083      37.625  189     272.118
    -97.4583      37.625  190     68.0104
     -95.875     38.7083  191     200.943
     -95.625      38.625  192     67.0851
    -96.7917     38.2083  193     135.023
    -97.2917     38.4583  194       201.8
    -95.7083      38.625  195     67.0851
    -97.4583     37.7083  196     67.9341
    -94.5417      38.875  197     267.637
     -96.625     39.2083  198     66.5359
    -97.4583     37.7083  199     67.9341
    -94.9583      37.875  200     339.211
     -95.625     39.7083  201     263.999
     -96.625     38.7917  202      133.78
     -94.625      38.875  203     267.559
     -94.625     38.9583  204     66.7722
     -96.875     37.7917  205     135.639
    -95.9583     39.4583  206     132.517
     -95.625     39.0417  207      148255
    -94.9583     38.9583  208      154307
    -94.7917     39.0417  209      154841
    -94.9583     38.9583  210      154307
    -98.0417      37.875  211     677.963
    -95.9583     39.4583  212     132.517
    -98.2083     37.7917  213     67.8576
    -94.7083     38.7917  214     133.858
    -95.4583     37.2917  215     68.3142
     -94.625     38.9583  216     66.7722
    -95.7083     39.0417  217      148121
    -94.9583     38.7917  218     66.9289
    -94.7083     38.9583  219     66.7722
     -94.625      38.875  220     267.559
     -94.875      38.875  221     66.8506
    -95.9583     39.5417  222      66.219
    -97.4583     37.7083  223     67.9341
    -95.0417     38.7083  224     67.0071
    -94.7083     38.9583  225     66.7722
    -94.7083      38.875  226     66.8506
    -95.7083     39.0417  227      148121
     -94.875      38.875  228     66.8506
    -97.0417      37.875  229     406.072
    -95.7083     39.0417  230      148121
     -94.875     38.7917  231     66.9289
     -96.625      39.125  232      119542
    -95.7917     39.0417  233      147988
    -96.7083     39.2917  234     66.4569
    -101.125     37.9583  235     76118.2
    -101.958     38.0417  236     66464.2
    -102.042     38.0417  237       66329
    -101.458      37.875  238       68157
    -101.375      37.875  239     74292.3
    -101.042     37.9583  240     76321.4
