    -99.9583     40.0417   84     197.459
    -100.542     39.9583   78     594.217
    -99.4583     39.9583  104     197.619
    -97.9583     39.9583   32       59022
    -97.0417     39.9583   64     593.099
     -96.125     39.9583  158     329.099
    -100.958      39.875   85     3967.39
    -98.2917      39.875  164     527.439
    -98.0417      39.875  143      131.88
     -96.625      39.875   53     10558.9
    -100.542     39.7917   99     396.597
    -100.125     39.7917  126     727.612
    -99.9583     39.7917  120     1123.89
    -97.7917     39.7917   30     59878.5
    -97.0417     39.7917  144      132.04
    -102.042     39.7083   75     264.079
    -100.708     39.7083  129     2121.55
    -99.2917     39.7083  107     594.058
    -96.7917     39.7083   56     8923.59
    -96.4583     39.7083  134     263.919
     -95.625     39.7083  201     263.999
     -99.125      39.625   86     2776.02
    -97.7917      39.625  140     595.095
     -97.625      39.625   31     60870.1
    -99.2917     39.5417  146      66.219
    -98.7083     39.5417   68     8343.64
    -95.9583     39.5417  222      66.219
    -95.5417     39.5417  131     1387.97
     -99.125     39.4583   81     3384.55
    -98.7083     39.4583   71     66.2985
    -98.2917     39.4583   50     10728.5
     -98.125     39.4583   49     11059.9
    -96.7917     39.4583  178      463.93
    -95.9583     39.4583  206     132.517
     -95.125     39.4583  176     66.2985
    -99.5417      39.375  101     2190.46
     -99.375      39.375   95     2522.43
     -97.125      39.375   29     63319.8
    -96.2083      39.375  162     794.866
     -95.125      39.375  168     132.756
    -96.7083     39.2917  234     66.4569
     -96.625     39.2083  198     66.5359
    -96.5417     39.2083   36     23254.9
    -96.2917     39.2083    8      144524
     -96.125     39.2083    7      145657
     -95.875     39.2083  182     663.856
     -99.875      39.125  119     3860.74
     -97.875      39.125  135     133.151
    -97.7083      39.125   45     23311.6
     -96.625      39.125  232      119542
    -95.7083      39.125  157     66.6148
    -95.0417      39.125  136     399.137
     -98.875     39.0417  169     532.445
     -98.125     39.0417   66     9592.83
     -97.875     39.0417   62     10125.7
    -97.0417     39.0417  154     66.6936
    -96.7917     39.0417    9      118809
    -96.2083     39.0417  151     200.316
    -95.7917     39.0417  233      147988
    -95.7083     39.0417    6      148121
     -95.625     39.0417    5      148255
     -95.375     39.0417    4      152706
    -94.7917     39.0417    1      154841
     -99.625     38.9583  147     267.089
     -98.875     38.9583   80     6993.44
    -98.4583     38.9583   72     8260.14
    -97.4583     38.9583   44     333.389
     -96.875     38.9583  161     334.488
    -95.2083     38.9583    3      153040
    -94.9583     38.9583    2      154307
    -94.7083     38.9583  219     66.7722
     -94.625     38.9583  204     66.7722
    -100.042      38.875  124     200.395
    -99.2917      38.875  127     66.8506
    -97.7083      38.875  160     200.708
    -97.4583      38.875   34       50283
     -97.125      38.875   33     51954.5
     -95.625      38.875  180     200.552
    -95.2917      38.875  133      133.78
     -94.875      38.875  221     66.8506
    -94.7083      38.875  226     66.8506
     -94.625      38.875  203     267.559
    -94.5417      38.875  197     267.637
    -100.875     38.7917   55     13580.9
    -100.042     38.7917   51     17193.4
     -98.875     38.7917   43     20675.2
    -98.7917     38.7917   42       20876
     -96.625     38.7917  202      133.78
    -94.9583     38.7917  218     66.9289
     -94.875     38.7917  231     66.9289
    -94.7083     38.7917  214     133.858
     -99.375     38.7083   48       19068
    -99.2917     38.7083   47       19269
     -99.125     38.7083   46     19871.6
    -98.2083     38.7083   41     22349.3
    -97.5417     38.7083   38     24966.6
     -95.875     38.7083  191     200.943
    -95.0417     38.7083  224     67.0071
    -97.9583      38.625   40     23086.7
    -97.4583      38.625  188     67.0851
    -96.4583      38.625  159     937.942
     -96.375      38.625  186     268.028
    -95.7083      38.625  195     67.0851
     -95.625      38.625  192     67.0851
    -95.5417      38.625  150     1071.96
    -95.4583      38.625  102     1206.05
    -95.2917      38.625   91     2079.17
     -94.875      38.625  183     469.049
     -97.625     38.5417   39     201.645
    -95.9583     38.5417  177     603.297
    -95.7083     38.5417  141     268.807
     -99.625     38.4583  103     806.189
    -99.4583     38.4583   90     1209.63
    -99.0417     38.4583   79     2150.93
    -98.7917     38.4583   82     335.737
    -97.2917     38.4583  194       201.8
    -96.2917     38.4583  123     67.2408
     -96.125     38.4583  112     201.567
     -95.125     38.4583  128     67.2408
    -98.7917      38.375   20     96596.5
    -97.0417      38.375  172     1278.43
     -96.625      38.375   89     3703.74
     -96.375      38.375   77     4917.56
    -96.2083      38.375   76     6930.26
    -96.0417      38.375   63      7401.1
    -95.2083      38.375  145     673.648
    -94.7917      38.375   65     5574.74
    -98.2083     38.2917  116     134.714
    -96.5417     38.2917  175     540.402
     -99.625     38.2083   98     6406.12
     -99.375     38.2083   69     7216.03
    -99.0417     38.2083   21     92896.7
    -98.4583     38.2083   93     67.4732
     -96.875     38.2083  113     202.574
    -96.7917     38.2083  193     135.023
    -95.7083     38.2083   59     202.265
     -94.625     38.2083   58     6923.74
    -99.7083      38.125  137     879.924
     -99.625      38.125  115     202.805
    -98.5417      38.125  100     67.5503
     -98.125      38.125   19      103762
     -97.625      38.125  114      674.19
    -102.042     38.0417   27       66329
    -101.958     38.0417  236     66464.2
    -100.042     38.0417  163     203.036
    -99.9583     38.0417  153     135.332
    -97.5417     38.0417  111      1213.9
    -94.7083     38.0417  152     1151.12
    -101.792     37.9583   26       67141
    -101.542     37.9583   25     67682.4
    -101.125     37.9583   24     76118.2
    -101.042     37.9583  240     76321.4
    -100.875     37.9583   23     77132.8
     -99.375     37.9583   22     203.036
    -97.7917     37.9583   18      106398
    -97.4583     37.9583  179     1619.51
    -96.0417     37.9583  156     945.935
    -95.4583     37.9583   54     1082.27
    -101.458      37.875  238       68157
    -101.375      37.875  239     74292.3
     -98.875      37.875  118     1629.73
    -98.2083      37.875  149     271.124
    -98.0417      37.875  117     677.963
    -97.5417      37.875   17      108695
    -97.4583      37.875   92      67.781
     -97.375      37.875   88     270.817
    -97.0417      37.875  229     406.072
    -94.9583      37.875  200     339.211
    -94.7083      37.875  139     678.652
    -98.2083     37.7917  213     67.8576
     -97.375     37.7917   16     474.313
    -97.0417     37.7917  132     1016.02
     -96.875     37.7917  142     135.639
    -94.7917     37.7917  155      543.09
    -97.7917     37.7083  106     407.375
    -97.4583     37.7083  196     67.9341
     -97.375     37.7083   15      109712
    -96.2083     37.7083  184     1628.04
    -101.792      37.625  108     4776.45
    -98.7083      37.625  189     272.118
    -97.4583      37.625  190     68.0104
     -97.375      37.625   14     204.107
     -97.875     37.5417  125     3063.74
    -97.2917     37.5417   13      110324
     -95.875     37.5417  109     2512.56
    -95.7083     37.5417   97     5155.16
    -97.4583     37.4583   70     4696.97
    -97.2917     37.4583   12      5106.4
    -96.2083      37.375  167     818.254
     -95.125      37.375   52     14504.9
     -97.125     37.2917   10      120187
    -95.7917     37.2917  122     1843.19
    -95.4583     37.2917  215     68.3142
    -95.0417     37.2917  173     613.386
    -94.7083     37.2917  165     477.593
     -97.375     37.2083  181     68.3898
    -96.9583     37.2083   74     273.257
    -95.7083     37.2083   61     7612.65
    -95.2083     37.2083  170     205.245
    -101.875      37.125   60      8714.1
     -97.625      37.125  110     2394.24
    -96.4583      37.125  171     546.816
    -96.2083      37.125  187     205.245
    -100.458     37.0417   37     15138.3
    -100.208     37.0417   94     137.006
    -99.4583     37.0417   35     22860.4
    -98.4583     37.0417  105     3482.27
    -97.0417     37.0417   11      120872
     -96.875     37.0417  138     68.5406
    -96.2917     37.0417  130     342.251
     -95.625     37.0417   57     9047.39
    -94.7083     37.0417   67     7321.05
